TAU1=(10+randi(90,1))/10
TAU2=(1+randi(10,1))/100
n1=1+randi(10,1)
n2=2+n1+randi(20,1)
n3=3+n2+randi(20,1)
K1=(10+randi(90,1))/10
tau1=(10+randi(90,1))/10
K2=(10+randi(90,1))/10
tau2=(10+randi(90,1))/100
K3=(10+randi(90,1))/100
tau3=(1+randi(90,1))/1000